5034
9855
8148
7970
3011
2905
8050
1891
181
7002
8813
6324
9932
4285
4489
264
1429
8734
5510
7497
3753
5434
6578
3232
9561
1676
6226
2894
5606
7032
6952
9897
561
8463
5143
150
247
3083
8798
8314
5517
7149
1913
6446
5093
4783
8069
5035
864
394
2143
7813
5131
8811
3290
2301
7760
9062
1243
1512
9147
3650
570
8542
5381
458
3523
2057
1335
4662
5706
3291
658
734
6299
9516
809
2758
4942
5170
6421
5724
2652
1186
5265
1496
6193
1324
7410
8832
8878
4567
9934
9197
3787
5285
8057
7193
4775
9698
3750, 8167, 24
6294, 4239, 29
581, 7624, 11
5406, 7480, 5
1562, 2653, 12
6445, 7065, 3
594, 5957, 10
4613, 8756, 51
2054, 1014, 5
7114, 1827, 37
9218, 8095, 52
1082, 8747, 54
7305, 7007, 32
6450, 7390, 34
2066, 6609, 12
49, 2441, 32
6169, 4765, 44
5899, 1833, 40
6912, 4768, 22
6633, 1268, 25
4717, 8315, 35
5110, 323, 44
7942, 5167, 18
1225, 8442, 19
7565, 4679, 39
142, 1567, 40
9404, 9858, 38
3453, 6008, 29
7690, 5142, 2
7726, 7764, 34
5019, 2261, 54
838, 5799, 60
361, 9720, 34
4332, 7885, 36
3625, 356, 37
828, 2126, 25
6400, 3654, 54
5909, 8776, 60
4677, 5324, 56
1597, 5664, 10
9545, 4857, 5
8362, 6098, 21
5673, 9902, 42
5544, 9472, 35
8264, 8615, 33
5763, 4080, 53
7233, 551, 3
8274, 9841, 44
6541, 6545, 18
8456, 2258, 46
9076, 670, 58
3857, 3568, 27
6897, 9453, 1
4096, 2103, 58
1875, 9717, 31
6038, 623, 33
3567, 3578, 41
9413, 6941, 36
5947, 6731, 39
4881, 5423, 4
6587, 3063, 54
5203, 3124, 46
6035, 2203, 30
6643, 1382, 25
8607, 6254, 21
536, 4201, 27
3640, 4303, 55
9876, 7836, 38
3935, 3062, 22
8292, 990, 49
3702, 8106, 58
4021, 7800, 55
1928, 8806, 35
9156, 9167, 18
1193, 7079, 40
4818, 8586, 48
5479, 9821, 26
5452, 6023, 28
6751, 9278, 7
9628, 7655, 34
9697, 6799, 37
5317, 3976, 40
1711, 1002, 6
4863, 5033, 9
9610, 456, 36
6631, 6848, 17
4885, 5322, 27
4868, 38, 34
4254, 4232, 52
9668, 7600, 34
500, 9458, 44
3939, 1200, 32
6094, 6603, 1
2648, 6353, 6
9426, 9611, 43
4733, 3965, 30
2686, 1814, 50
4559, 6733, 7
6338, 3889, 0
7050, 9122, 1
7396, 5982, 18
2833, 589, 32
5674, 9423, 49
4023, 8528, 16
6874, 4408, 48
8673, 2407, 7
1349, 3510, 43
3382, 8765, 23
2538, 1303, 24
1084, 3667, 4
2260, 1319, 43
1028, 6721, 44
2525, 5529, 32
7769, 9322, 32
4141, 8888, 22
6573, 6033, 55
9450, 3443, 58
2251, 1709, 40
3244, 2697, 40
4249, 7746, 60
