8275
7521
6810
956
7159
7114
3375
9270
5667
1290
395
1612
3207
189
2876
1782
9833
958
4788
3148
5639
3919
7132
1439
2230
2968
4741
7180
8354
4117
4683
7417
8172
8401
1390
8637
2084
4787
5291
9809
4615
9055
1435
160
1060
6519
2255
8756
5478
368
1129
1016
5260
998
2756
4690
3846
5436
8540
5999
5605
5135
4423
458
2843
6812
954
5549
7791
7044
751
1570
284
8700
2460
7652
8336
675
3003
2627
9926
8250
5516
1853
9175
3449
9605
9875
5801
5228
1328
9261
5407
2787
4213
5070
8493
5459
2
5617
2487, 8725
7560, 2728
6383, 2752
2764, 4065
7143, 9117
1533, 1525
8630, 7603
7537, 1603
2139, 2350
5282, 2805
3608, 5280
2275, 2152
4501, 7497
4171, 6644
5942, 2690
7432, 9479
1288, 6004
8400, 4034
7229, 1548
3807, 1232
213, 4205
1114, 152
9169, 334
1369, 9088
2890, 7073
4713, 5521
3998, 4189
8703, 1159
74, 1754
1796, 5679
3706, 9475
1565, 9154
804, 9820
2857, 218
1099, 142
3489, 1068
2602, 2324
8412, 6240
717, 2925
1216, 8747
8034, 9098
2325, 8211
4955, 4435
3762, 2310
8057, 4489
2946, 3738
6957, 6062
109, 5300
4345, 4526
4114, 1219
5565, 3803
4861, 9673
121, 4740
4046, 7544
243, 7874
7750, 162
3755, 6317
4206, 1878
310, 2580
3763, 9844
4050, 5620
767, 3290
3232, 2384
9929, 1323
4695, 613
9208, 3297
7303, 9207
4752, 4301
7311, 7281
523, 6299
5856, 5742
7122, 3939
8084, 443
7983, 748
3004, 5111
8730, 2038
9146, 2964
5799, 7131
6600, 5479
6067, 5548
651, 3977
2168, 9670
4642, 9102
970, 2704
8844, 7158
3593, 6993
6322, 2986
2438, 4365
2867, 1871
3272, 3081
4831, 6398
3469, 4880
7070, 9174
1965, 7453
9725, 1234
4408, 743
1522, 130
5829, 5954
2100, 859
8498, 2855
