100
100
2497, 4201
11910, 11322
2019, 7404
6916, 13391
737, 1361
11582, 6441
13031, 6764
17380, 6457
12054, 8339
15050, 840
11535, 11407
9924, 10501
10233, 9390
17207, 2804
16954, 13848
7553, 8650
15292, 12847
8125, 10759
9388, 3240
13700, 2637
14563, 16992
14121, 9722
13361, 10410
5961, 15075
16468, 16317
11988, 513
1380, 6280
8932, 1676
1001, 413
1421, 17506
10110, 7494
10997, 2143
9835, 16075
8859, 17377
15806, 16405
459, 17561
13298, 17099
12932, 11420
15617, 11037
9393, 12510
146, 3327
8590, 11974
6687, 8682
14510, 5700
15425, 16499
5918, 5893
9543, 1204
4683, 4393
7145, 3535
6730, 11919
9346, 12775
11313, 11375
11285, 5068
5208, 9234
7251, 10697
12972, 2448
8824, 8354
1737, 11285
14747, 917
14541, 11259
17268, 10461
10914, 2685
10804, 10932
985, 7946
3312, 9243
12862, 3347
10232, 9703
16508, 5502
11353, 2467
7894, 5030
16580, 8307
3118, 5419
6787, 8419
16149, 3111
3630, 15246
975, 3646
9876, 16539
10516, 6816
14969, 2741
191, 11368
4574, 1832
9206, 3798
12731, 1117
15564, 4967
12386, 14337
9312, 4811
6971, 1408
6951, 12877
14702, 11700
10553, 14027
13329, 15951
10605, 15408
456, 14802
2240, 16776
11103, 8673
14896, 3268
7889, 16217
6367, 12783
452, 4841
6779, 8438
933
2202
11498
743
13103
5515
580
6243
1717
6289
2662
7922
12895
17065
4948
16024
1293
3895
5188
360
13191
2195
206
16638
15154
10281
3801
999
687
11382
17327
14494
12871
5472
5591
12131
11656
8659
13857
7411
16000
9971
5571
10458
216
15372
8604
15229
13023
10403
11109
16438
8083
7319
15629
8733
254
2949
5108
10474
16062
14008
17071
15648
5192
8457
1477
11895
1965
1667
12278
3778
16281
9769
15450
12303
16669
6652
14246
6297
9492
17459
17721
3398
6270
14847
7680
8899
16852
8755
15787
15833
3603
12049
5423
2284
8681
7735
9730
10034
