100
100
11747, 10741
4479, 4675
5624, 16935
1705, 1196
15283, 16324
15130, 14410
16268, 7557
3201, 9852
15986, 11833
4328, 10329
14305, 9420
2753, 6599
1193, 3381
3382, 8870
7965, 9583
13608, 10566
17738, 9571
4665, 11806
2602, 15748
2276, 14116
7531, 10423
6892, 7491
12654, 17596
13932, 16660
9970, 594
2419, 3013
8645, 17632
2447, 84
6667, 10388
5610, 2156
1786, 5218
17111, 17207
12438, 11289
4195, 10190
14629, 11643
9915, 4933
13360, 9534
17695, 6738
16891, 13691
4781, 11839
11910, 4122
2648, 12144
5616, 3421
12094, 15727
8844, 1059
7334, 6136
5257, 16468
17629, 8221
3167, 427
6073, 761
3247, 12194
15113, 7152
15336, 8953
4125, 15247
10498, 3338
2596, 11544
14910, 16187
13325, 13111
1769, 10313
3041, 5818
388, 7634
12528, 8920
14630, 15307
282, 5300
2180, 12058
748, 16620
12686, 14059
2228, 11283
5105, 9574
10277, 3358
15049, 12362
17096, 6132
1176, 1075
16364, 12819
4192, 17555
4731, 16144
4797, 13804
8681, 16929
165, 14874
9935, 3952
3685, 4903
17119, 7066
14418, 13209
15459, 12340
4799, 9970
6478, 2788
5852, 8589
15325, 4398
15939, 6489
13777, 642
12345, 13087
16640, 1281
15351, 9986
2336, 1760
8101, 16790
11763, 17549
13257, 4576
6432, 496
8850, 12039
16512, 17640
12278
10607
12234
9476
15016
17733
12334
11545
11522
1254
13641
7534
12126
5065
8567
12251
8894
5165
12288
7522
5799
11155
2229
5207
1464
842
2439
3376
14827
4044
4879
16651
2937
2174
16059
13054
1597
5281
4352
1316
8925
3626
6702
7365
6208
1324
15416
1593
5366
12832
10065
9099
17750
283
8990
5868
8580
2840
17378
1490
13078
7926
7666
10662
2125
16025
2389
10533
3553
9833
11375
3211
9822
11361
10191
14681
5080
9981
15662
2379
13619
2298
14414
1710
15044
8766
348
14959
10537
507
12800
11255
15781
14408
6570
8288
6558
10200
9064
8891
