50
50
12009, 16136
6907, 1737
15550, 4135
9867, 6618
8409, 7184
17218, 6783
11769, 2278
5119, 15465
13423, 6717
13989, 8869
12920, 14502
9321, 1134
8955, 9870
8045, 16917
15456, 3257
14675, 8493
5456, 13202
3943, 13654
17612, 12032
4863, 5131
8741, 12449
6826, 15657
15011, 4639
5499, 2434
9123, 1396
8423, 17821
15891, 12077
1864, 10023
14093, 7907
8725, 2536
473, 7989
1078, 14265
2795, 16048
3659, 2201
10461, 7009
9795, 15672
11973, 4062
10091, 16226
1486, 10958
9884, 14369
12764, 16566
7039, 13211
9743, 5572
11177, 5415
1816, 5370
6133, 13567
14592, 6598
9323, 3757
6130, 16298
12262, 3042
2733
13954
7814
2575
16671
16746
7608
554
16964
5430
14540
1026
8059
790
12527
7515
6539
15415
7569
2513
14831
2246
4266
14106
14878
6589
3989
12102
789
10646
9855
2605
4634
16863
5400
9761
12629
404
275
8410
11139
8251
11956
6353
11361
5022
3491
10889
6629
9676
