100
50
2307, 10043
12247, 11419
10238, 4436
10489, 578
12754, 14497
6389, 6105
1920, 8047
4995, 880
3911, 9301
5288, 2623
8952, 15675
5541, 9872
5248, 16942
14823, 9001
15471, 16434
2394, 8807
14272, 11225
17661, 2975
11328, 2754
7784, 14013
9098, 14413
16221, 13952
5361, 17722
13525, 10242
15623, 8749
17242, 8834
5726, 12042
9445, 108
2981, 531
9538, 2546
4935, 1580
5891, 4473
13435, 15690
1162, 7787
10606, 1608
15094, 6101
4357, 15540
3806, 2841
2912, 4875
10017, 6147
5253, 13785
666, 14974
6618, 15461
13020, 11632
2283, 13905
16233, 17511
7646, 761
6105, 4791
16571, 2466
1762, 8081
14545, 5942
12316, 13606
2271, 12529
11728, 1573
16635, 15425
7061, 1779
10143, 3236
6308, 10103
14342, 6523
10338, 12119
1296, 9337
12654, 14448
7365, 3010
3014, 13840
4484, 7591
11165, 7964
12017, 3314
10927, 12319
2073, 16869
10463, 11451
4823, 15841
16961, 1692
1131, 10401
12750, 2871
6126, 15714
13265, 1675
2339, 6804
10048, 15911
4331, 735
17816, 11973
4394, 11527
16189, 8881
6983, 5000
10503, 1135
7970, 3478
11566, 12599
10092, 10715
10827, 3233
16349, 2770
16948, 14472
3536, 3707
13780, 1935
1107, 8936
17442, 2433
493, 1599
3520, 17041
3268, 16686
2395, 11239
4766, 2151
10466, 10160
12989
3305
10244
1593
10621
13871
5710
2516
9905
10370
3557
11253
16145
6989
8555
8471
13183
9643
10662
8565
16469
15301
1302
8784
15043
2424
7604
16831
15682
9958
15092
15098
2832
10902
14921
13906
9961
10930
7697
15678
6400
13721
641
8082
10358
9848
13227
2715
4970
8057
