80
50
10085, 5533
10427, 14112
17228, 10628
8855, 4597
9883, 2208
9062, 11395
2951, 10484
10075, 10852
13302, 10633
472, 6848
12251, 10569
13424, 8800
8049, 14068
8486, 9360
17158, 5604
12285, 14502
7649, 11210
11829, 3085
5144, 16428
10143, 12165
3638, 14174
15925, 6214
15340, 14119
6030, 16047
2560, 13410
14368, 4781
1511, 17080
14463, 426
3566, 9716
937, 12213
13170, 2844
12474, 11671
9653, 8673
12910, 472
12911, 4195
15390, 5955
1564, 16170
5239, 16629
11276, 16030
3755, 9855
4564, 1550
8763, 15651
4765, 3731
8029, 17163
13436, 14824
7284, 16276
14907, 1965
7731, 1089
8148, 16763
10264, 2433
14759, 5444
3991, 13282
13771, 6072
16342, 401
10342, 7788
12239, 8892
2769, 3383
5124, 10062
14516, 9238
17658, 12799
9495, 6940
1485, 13570
13546, 15364
2574, 14138
3644, 4646
12401, 66
16688, 4543
14396, 6353
7170, 3266
6545, 2467
13742, 6059
8114, 5670
7319, 15832
1017, 8073
8802, 8633
14767, 6965
4234, 11387
16556, 11566
9530, 7259
8286, 13901
445
1841
13083
6703
7346
17011
4598
12480
11586
12982
16379
61
11887
3393
10056
14529
13110
14786
2738
13884
927
15632
14116
1690
12438
14405
6998
12786
12662
15584
6063
3171
12109
8992
12126
11115
4862
13120
7213
7116
1618
2272
2663
6594
5121
15659
15422
17712
389
10019
