100
100
6519, 12140
10230, 12479
9113, 692
5925, 10858
14175, 7536
135, 397
10299, 1093
202, 4292
6411, 7886
3639, 10487
239, 13188
7076, 20
5627, 4420
7112, 7091
9892, 5533
9547, 185
12145, 4649
8743, 8206
10848, 4835
7366, 8665
4380, 999
6281, 514
2186, 442
1491, 4557
14518, 3161
3722, 6745
11549, 304
5498, 13976
15264, 14620
10755, 32
10708, 13709
4162, 7979
7660, 1314
5563, 12137
11949, 6496
2506, 9444
13032, 10329
1179, 13949
9363, 15863
7541, 9675
1372, 4494
14640, 5882
8787, 457
12041, 16101
9637, 1310
10396, 11535
7167, 10030
11438, 13367
1647, 7253
15774, 13865
3368, 156
9661, 3483
5566, 194
11531, 15254
800, 644
4590, 9120
4496, 6877
15766, 829
6989, 15260
3686, 8379
6378, 14119
80, 9470
7132, 14472
502, 13836
9294, 8887
8093, 3630
6535, 4239
1149, 581
5072, 144
1059, 15464
7732, 4771
7603, 8972
8476, 340
13779, 14990
11239, 79
8903, 4273
14340, 11422
14508, 10534
5059, 6795
11813, 8080
10333, 4410
8375, 13196
471, 7515
6433, 7866
8291, 7014
13246, 9140
14522, 15581
10552, 14603
10424, 7493
3484, 2273
2881, 1562
5297, 8794
11800, 2611
6981, 10384
7789, 9441
5183, 12705
1723, 1404
1229, 8795
11796, 14823
146, 2964
623
7425
9314
9299
3631
10201
1034
11367
8353
2219
5774
11095
11446
7439
6898
3575
2216
13076
6811
10003
14141
12171
10504
7712
4397
5145
11082
8297
9986
8401
540
7101
14623
6259
313
11714
11260
5762
10550
13096
1481
8963
10773
14269
2529
6798
6766
9240
14161
15306
5575
1714
2122
1326
8424
4169
2770
12098
1277
8718
6797
1102
5102
12286
302
4828
11110
5509
4346
14188
9748
11831
5804
15069
6696
10435
14462
3485
2477
11461
9015
4280
8029
13529
5119
8221
10692
8035
7331
1439
15338
4683
13466
10666
3590
5578
1294
3180
11141
9182
