50
50
8647, 7919
11498, 8329
15955, 14202
5724, 8076
15098, 12470
12002, 5202
5736, 6217
12070, 11580
9969, 2071
4033, 11262
3958, 1711
1714, 8843
783, 10498
9486, 12606
10834, 10390
6062, 13975
11024, 15230
4919, 431
6242, 12764
11886, 5830
10978, 11688
11705, 313
15804, 739
3834, 1762
10891, 15911
9998, 4536
3121, 915
1670, 11123
15642, 15580
3989, 12274
14565, 1412
4182, 2303
10229, 9102
1744, 2903
9103, 5996
1886, 3422
1820, 457
5679, 14948
5450, 6219
9885, 12800
6706, 3078
1359, 8828
7078, 1045
619, 6652
5489, 581
15771, 9270
2164, 6734
11767, 16109
2268, 11590
9902, 15069
14119
15577
6100
9058
2266
5975
3655
5400
762
6414
8619
4963
3371
9893
3071
274
3403
7542
9374
10780
1439
7663
10713
15516
11269
8060
4236
3345
11049
9615
14236
1389
13728
14113
10257
8035
2000
8510
608
9450
10674
8000
14019
9436
12184
14094
5789
330
7316
11104
