100
80
15777, 2939
14174, 5
15467, 16096
7083, 10621
15601, 10897
14641, 3624
2464, 8056
2607, 3105
6126, 1003
5777, 6354
2724, 3653
1287, 6123
11229, 8197
14894, 3633
9639, 12096
13259, 518
6422, 5928
13624, 129
8319, 1151
6593, 1808
8859, 8252
7038, 14684
9127, 15541
10307, 3963
7947, 9995
9559, 12418
12786, 8248
490, 12288
447, 10967
2521, 15364
303, 7553
12062, 9092
16116, 3011
8955, 11644
7043, 5226
1376, 15538
11398, 5242
15234, 3334
4335, 10721
12437, 7751
11725, 13521
3684, 7313
2723, 14357
15734, 2966
6696, 4840
1728, 10937
4308, 5004
9649, 12253
1915, 1974
12436, 9455
11301, 14802
15688, 14561
12366, 12593
2781, 12764
837, 503
14019, 3627
1289, 10757
11102, 9251
2269, 14188
12012, 9816
13135, 11034
8034, 4782
5017, 8686
15959, 9968
11257, 3082
13918, 10323
294, 14526
1235, 3899
9720, 9510
1762, 6492
9856, 1389
7380, 1005
8819, 6734
536, 10277
3615, 15997
1182, 11025
15200, 11636
349, 8567
3381, 5741
5810, 156
15647, 12052
11949, 9007
6535, 11560
8009, 3908
3382, 11599
12837, 11703
9285, 8199
8274, 7072
7885, 12925
3661, 13923
13596, 5035
7747, 2247
11741, 6706
5046, 8160
7536, 3194
12805, 11277
6142, 8370
10030, 799
10610, 12620
15013, 6149
13077
8587
5681
7543
13622
13696
2510
317
12698
4276
14033
835
5022
10654
3772
12547
7589
3319
1633
9618
14213
15927
11864
1142
3554
9928
7690
2726
3029
2698
14268
13292
897
13662
15532
855
7629
4883
14193
3846
233
6917
1280
10885
7613
3268
11332
877
11684
3818
6758
12752
1773
7519
13329
3788
8786
11666
5666
1997
8789
9902
10795
3032
10981
7575
10638
14145
15280
15171
4380
8335
9964
9808
4688
708
865
2750
2523
6661
