80
50
155, 3807
12956, 2603
985, 10513
311, 15766
3485, 850
7456, 11141
617, 9562
10548, 16066
4124, 14670
11369, 5740
14500, 9066
12286, 9809
12232, 5524
11410, 11522
7616, 3967
1128, 4718
8273, 4890
13242, 14695
469, 12216
4120, 624
6311, 9272
9485, 9918
4116, 6232
7978, 10651
2045, 2863
11139, 12527
16012, 1735
1069, 3699
8654, 1754
8219, 5433
9149, 1325
11772, 5761
1710, 6719
2496, 9014
15769, 10339
5380, 15721
8441, 15745
14177, 288
4713, 3867
13886, 16011
5774, 15092
3369, 9652
15217, 6421
9560, 6992
14519, 12117
4163, 3690
2775, 1116
8139, 137
9019, 15018
2572, 7073
8243, 9594
5918, 9753
12098, 13300
4521, 15761
1019, 5068
12819, 14517
16167, 16107
14680, 1069
6041, 13108
6325, 8807
1037, 1372
1698, 13395
15809, 2258
9028, 9627
9110, 2693
2487, 15888
4757, 13591
9856, 7111
7363, 10379
7008, 4881
8058, 9596
8174, 4668
15668, 6346
15340, 7126
5619, 10704
5054, 2708
8313, 7849
1919, 13673
5096, 3976
3187, 6678
11837
3832
7834
14733
9026
82
3032
14045
11925
11513
10504
6585
5870
1026
3200
13124
8467
9655
12548
13296
2360
2521
2476
6132
7058
10236
14419
9310
6592
1386
1215
15539
14803
10593
14726
6661
4343
7324
11605
7629
13616
9945
14458
8941
5215
15807
11566
12888
14389
7684
