100
50
9689, 15787
1055, 15580
4161, 7575
3160, 12528
6679, 8015
8340, 6476
2314, 345
13929, 10944
7963, 2633
2152, 8424
3465, 3574
4280, 14087
9477, 11647
7425, 9166
10543, 6001
3355, 16033
4756, 3119
2328, 7858
597, 963
2291, 1391
15927, 10569
1626, 8351
16088, 7487
5635, 5942
1297, 7060
15719, 5524
1252, 3901
14600, 15212
12859, 5309
111, 5467
1444, 11257
8755, 7343
1564, 5692
2174, 220
914, 1217
16011, 2750
12171, 4597
4957, 15184
5002, 2883
6638, 5618
518, 3947
10624, 9968
13013, 10103
6406, 1723
11962, 14272
5563, 14338
6586, 1061
15806, 1495
14076, 10497
9023, 10157
14948, 14886
2689, 11018
14162, 14570
4716, 10667
6255, 1892
12145, 3369
8462, 14720
10385, 3045
4554, 9485
3902, 676
1766, 5500
6800, 6016
1587, 10386
5908, 7074
2546, 14608
6464, 15227
5657, 6762
2119, 216
2537, 11332
5385, 8
2028, 1059
8108, 6818
12945, 5871
12299, 2479
2055, 6329
7974, 10063
9896, 7330
15306, 13453
8510, 10519
2253, 7567
5762, 11558
6144, 1897
10687, 12886
11461, 12096
15648, 9278
4708, 9477
15162, 5142
7091, 13798
10038, 1768
8176, 9996
8532, 834
3408, 2685
7744, 669
4087, 10274
7439, 15196
2109, 7024
10973, 10588
2176, 14036
5647, 541
1022, 11065
12002
121
12571
1796
14202
10328
9977
9611
1481
12805
6025
2819
13732
10439
5506
9528
7214
6875
9734
2187
4752
15292
9262
6224
6100
750
5010
15637
445
8318
80
8684
10431
9365
15132
12303
10371
11679
4135
2523
15701
5379
1334
5817
6076
9717
8599
911
7199
1868
