100
100
3165, 4886
15098, 8467
1471, 2028
14674, 9231
95, 9827
14010, 4562
5598, 2967
1404, 2093
8252, 6811
8077, 3178
10538, 541
8956, 9238
13394, 11965
10090, 1720
2302, 9142
11392, 8240
2195, 15859
8955, 5891
6090, 8686
15459, 12639
14777, 11468
15741, 8673
14902, 4014
10730, 9988
12362, 10398
9906, 12412
6276, 12208
5093, 6865
5973, 16170
6340, 15152
5809, 10739
9050, 12519
7200, 1736
182, 8472
5695, 5992
8949, 15734
4710, 3821
7942, 10732
11549, 497
13172, 10000
11202, 15246
16119, 14711
14839, 14964
15633, 5141
1017, 4633
1467, 593
11589, 9522
9958, 9486
7670, 9174
14315, 1850
3589, 10857
9575, 11726
11483, 10569
10971, 12891
10172, 7520
5110, 7394
5338, 15519
9157, 1229
14848, 12501
9547, 10878
3671, 6487
3385, 2427
385, 4236
11329, 9023
5723, 11329
11849, 2583
11559, 4604
7688, 1869
9882, 8527
10222, 8505
6589, 15613
6686, 12005
11735, 1351
1915, 13410
1152, 4560
5489, 7524
4725, 6
13813, 6607
15743, 2127
3043, 13002
11865, 13651
755, 1904
14342, 4683
2583, 3416
14221, 6428
15769, 13354
6684, 13179
5370, 9252
6131, 2026
8601, 6677
9104, 10164
11707, 3533
13963, 10704
5950, 12089
5647, 4293
12649, 5751
10873, 122
3790, 6798
11301, 9992
12673, 11140
11357
10083
4544
11659
6089
9723
12468
13188
1776
10796
4708
354
9505
11611
13535
13650
6279
1109
8395
15494
12789
14426
1218
9850
15938
1433
12730
2216
12262
14240
2530
761
3740
15318
8969
12158
3129
619
14389
2453
10396
12685
3658
4724
2914
6667
15879
8916
12373
8301
6039
15788
7676
3810
3480
2465
7660
14033
12625
13694
11457
4464
7223
10332
13664
4909
1709
5465
3809
7011
10064
2666
8492
3364
5629
2320
6951
14136
4945
15782
13163
6030
3670
307
11364
10860
7822
10650
4810
3242
2279
3741
12749
15327
11028
11906
9469
9938
12845
8875
