50
50
5713, 6161
1501, 5023
7959, 1140
7884, 5174
4726, 505
3970, 8016
7229, 926
3241, 4492
6953, 6985
4159, 3877
2794, 3702
78, 1736
5188, 7469
6384, 7928
4205, 5977
5919, 78
8008, 4904
847, 2996
2736, 3252
2541, 2917
995, 3365
6476, 3201
7832, 6999
7321, 2554
4535, 5059
3184, 6328
7592, 7740
8074, 6427
7047, 2663
4868, 823
5104, 3493
6161, 6766
6105, 4674
4153, 4293
3608, 2056
3898, 5178
3380, 4910
5295, 8513
8350, 8014
6941, 1800
5802, 2073
644, 7540
6409, 653
4919, 7620
8172, 4228
7458, 1915
4145, 4417
1711, 3272
1481, 3038
6376, 3628
7771
8174
8209
4778
7812
7314
1629
399
4206
6695
2317
4184
6183
7494
171
1275
458
7894
7754
6623
6772
1200
2280
1508
7951
6978
5649
6537
351
691
2263
3385
1090
6856
346
7162
7472
5304
4086
6746
1375
1847
2814
2228
2239
8435
360
5173
8109
7984
