80
50
1284, 4284
4548, 2094
1163, 7760
609, 229
2048, 7891
7523, 2667
7322, 3969
8035, 7266
7021, 2701
2894, 5345
1589, 3753
4387, 942
1975, 999
4412, 2054
4483, 2519
6445, 2439
5028, 1936
6012, 872
8113, 6010
3510, 4974
7017, 4195
6590, 6392
6520, 6831
2317, 2077
5735, 7447
2586, 5170
5713, 2794
8159, 2076
1399, 6590
6897, 5351
2781, 2963
307, 7348
7402, 6368
3656, 5676
8454, 2513
5513, 6305
2297, 4205
5093, 6624
7559, 8339
3587, 7085
7809, 2561
6908, 3315
8410, 4771
5451, 3657
83, 5657
1760, 7232
1426, 2719
4555, 1628
1850, 5857
1864, 7358
7095, 8510
5606, 8164
3488, 5144
3383, 2967
6558, 4223
6743, 118
3351, 1653
3133, 3325
8014, 4216
5271, 6113
3416, 5571
5050, 4114
6381, 6953
7255, 1338
6772, 2028
517, 7125
6961, 1867
1454, 7592
7686, 243
6257, 526
1990, 4965
5442, 2722
6485, 7842
3789, 6690
43, 8033
1101, 1665
5729, 7183
2292, 1039
2590, 8051
5562, 4463
2606
3472
4636
6687
1624
7327
5285
1185
6040
1614
5755
1015
554
5710
2778
8417
2123
659
7529
4744
3384
2471
4815
6203
3174
6342
1687
467
4827
907
6038
7181
2115
6925
2275
5019
8070
2091
5453
6851
5892
3885
234
536
8350
3178
7752
1528
2179
6862
