100
100
52, 8471
6065, 5392
1016, 5131
3144, 6074
3613, 6303
5827, 6951
1193, 6470
1423, 4818
410, 6677
6224, 5436
5817, 5455
8185, 3893
8246, 7356
3699, 6868
577, 7780
1114, 5149
3572, 4498
2909, 6799
6221, 6464
5091, 148
3446, 6207
2639, 1606
171, 3710
8495, 1893
2630, 3098
6247, 3533
959, 264
6031, 2432
3456, 3103
8471, 1846
4825, 2995
3330, 1104
3964, 7027
8400, 678
3753, 5024
6356, 776
7249, 1552
3331, 2305
3141, 5336
6097, 5695
2427, 3058
39, 2501
4553, 7684
3561, 7656
4889, 353
1052, 153
6123, 4812
1072, 2463
8446, 983
5585, 1859
7152, 6031
8330, 226
3104, 2454
2111, 3070
5594, 6736
2006, 5450
3697, 4057
4995, 3348
5907, 893
474, 6362
2515, 7045
8078, 6249
3864, 2162
2340, 4103
744, 1394
7041, 4699
2318, 7498
4987, 4833
4749, 611
5629, 5317
220, 1337
1876, 6524
8007, 8191
1651, 6748
3393, 2549
4438, 4859
5073, 6682
6969, 3272
479, 2066
3552, 7269
3415, 6849
4471, 5555
4692, 5970
8122, 6048
1340, 2135
3667, 2268
5541, 732
1718, 6403
4561, 7497
4038, 2829
1324, 6885
2245, 1087
4887, 3039
7351, 7326
2462, 1562
4476, 6890
6395, 6602
8184, 2633
3599, 6079
1534, 6240
5950
4676
5261
8327
8088
1817
5095
1663
4324
6967
5165
6753
2440
1361
4501
2629
7122
4515
7492
6726
4845
7144
1566
3408
7683
5141
1579
5365
5500
3575
8180
6596
2634
1992
3886
2552
8437
897
2492
7338
8295
5743
5162
2348
1771
1339
2971
3838
6512
809
7271
5705
1462
1805
7095
4109
5234
2445
7934
7545
6953
862
8033
4921
2911
5761
6964
6906
7978
5319
5180
7044
6710
6525
8020
5495
5066
6077
4485
1717
3105
7206
1520
4679
1187
7716
2479
4310
642
3271
816
5949
7308
6281
6938
2672
7530
5902
3511
2055
