100
50
1273, 6027
1551, 2750
7960, 2305
4181, 5319
5332, 6378
1661, 594
1408, 5799
1232, 1911
7768, 6082
5089, 3849
5633, 50
6358, 3024
4429, 4495
8265, 7092
7460, 3553
7349, 7499
5972, 2972
5043, 7423
858, 1909
6474, 739
6295, 1527
1074, 1725
2130, 3413
3646, 5241
812, 2798
4209, 90
3050, 6766
5675, 8374
4548, 225
2741, 8080
5016, 8484
2954, 218
6444, 8344
453, 2569
6254, 2427
3552, 6089
3348, 728
7583, 1731
2280, 200
2402, 1519
2590, 8271
3999, 3186
705, 7095
4967, 5811
4289, 1783
3121, 3692
5654, 3081
3496, 4023
2472, 857
1014, 2765
5061, 227
636, 6828
7058, 5754
4315, 2706
4023, 305
3682, 7299
7083, 3704
3828, 3088
6609, 5645
7063, 702
5342, 4663
7097, 257
3185, 4608
2125, 3134
7168, 1343
2698, 4759
828, 1457
8488, 1238
31, 3766
5773, 8416
1985, 473
6396, 4664
8373, 2902
2872, 6862
7161, 989
1345, 1429
7355, 8360
34, 7121
7944, 4671
4499, 8183
1521, 1896
6147, 4566
6131, 7854
1700, 8458
1395, 1569
2396, 7480
1349, 5511
998, 7671
1149, 6867
2603, 4667
5128, 6331
7309, 3997
1428, 6118
5665, 1612
2561, 4002
3187, 8254
6955, 5215
1333, 1877
6529, 8026
8067, 2987
118
832
8330
6827
4649
7004
5255
6598
4721
213
2924
3745
907
6235
4884
1262
7779
5497
5961
4646
4452
98
2688
7282
8393
860
2303
268
5169
7311
8056
5418
3892
4312
4412
4137
7338
7899
7122
2390
3096
5240
4827
555
3587
5833
6221
7358
6548
8392
