100
100
8444, 2319
6033, 553
2533, 8283
3937, 14
7047, 3415
145, 4705
2623, 784
2063, 3348
2129, 5052
7794, 5337
5735, 7375
8219, 4355
295, 1106
2773, 6814
2679, 6647
1053, 6004
5081, 2685
4849, 6168
2423, 3603
6360, 1842
3387, 1744
6054, 3861
1512, 7571
827, 3051
4054, 8034
2844, 1779
7763, 2401
6909, 8270
4745, 5325
8443, 1599
2396, 6567
753, 3227
7613, 7089
1219, 858
804, 4363
8383, 2068
2136, 2581
3534, 4312
4921, 5622
417, 8225
3229, 7831
7324, 4028
173, 7489
1687, 2635
2247, 2551
3289, 7184
4369, 8296
5546, 8230
5181, 66
4687, 4046
8245, 2688
93, 618
6634, 7787
272, 3650
2629, 3988
6136, 2847
6143, 4386
8260, 3499
6099, 105
6417, 626
6758, 1956
6239, 1583
5427, 2354
1569, 8151
8421, 5398
6661, 2582
6762, 6930
4258, 7478
3649, 3335
4900, 8188
3178, 1494
844, 7729
8307, 3414
5021, 6643
24, 5654
6746, 4343
7083, 4954
2185, 3696
2255, 4959
1380, 2637
6752, 2481
504, 2117
3014, 734
5955, 6823
1901, 3411
2958, 793
3140, 362
4758, 745
6679, 7690
6880, 5591
7561, 8387
4458, 5029
3883, 7830
7373, 5814
3842, 1136
424, 5750
3806, 1656
3851, 5169
4247, 4371
4991, 7451
6466
4533
3164
5408
2030
7855
5018
7280
7766
4778
5946
6546
6492
6093
5769
3438
6464
384
1044
4259
5019
3759
7922
6724
4604
6834
1811
5969
5825
1963
4291
7386
7377
658
2310
4940
3175
762
3233
1791
1130
1399
7308
5982
1652
1443
6871
6651
1275
528
4309
499
4396
3149
301
6900
1517
103
7921
5685
964
4789
5379
1054
5749
3793
4708
7290
5480
4433
5003
7673
5761
6375
4609
604
1672
3057
2356
7741
6680
1117
7196
5421
5601
4487
4327
4715
7509
872
7008
2116
4712
998
4984
1646
8455
5960
6806
4484
